"Factor: Generalization / Suppression" "Suppression Limit 0.05 (Utility)" "Suppression Limit 0.1 (Utility)" "Suppression Limit 0.2 (Utility)" "Suppression Limit 1.0 (Utility)"
0.0 0.8758964473384752 0.8869866910792199 0.9007702226090418 0.0
0.01 0.8758964473384752 0.8869866910792199 0.9007702226090418 0.0
0.02 0.8758964473384752 0.8869866910792199 0.9007702226090418 0.0
0.03 0.8758964473384752 0.8869866910792199 0.9007702226090418 0.0
0.04 0.8758964473384752 0.8869866910792199 0.9007702226090418 0.0
0.05 0.8758964473384752 0.8869866910792199 0.8985719913176322 0.7262256307487083
0.060000000000000005 0.8758964473384752 0.8869866910792199 0.8985719913176322 0.7262256307487083
0.07 0.8758964473384752 0.8869866910792199 0.8985719913176322 0.8047868491916742
0.08 0.8758964473384752 0.8869866910792199 0.8985719913176322 0.8047868491916742
0.09 0.8758964473384752 0.8869866910792199 0.8985719913176322 0.8047868491916742
0.09999999999999999 0.8758964473384752 0.8869866910792199 0.8985719913176322 0.8857202361075784
0.10999999999999999 0.8758964473384752 0.8869866910792199 0.8985719913176322 0.8857202361075784
0.11999999999999998 0.8758964473384752 0.8869866910792199 0.8882234945198145 0.8765262884844798
0.12999999999999998 0.8758964473384752 0.8869866910792199 0.8882234945198145 0.8765262884844798
0.13999999999999999 0.8758964473384752 0.8869866910792199 0.8882234945198145 0.8765262884844798
0.15 0.8758964473384752 0.8869866910792199 0.8882234945198145 0.8765262884844798
0.16 0.8758964473384752 0.8869866910792199 0.8882234945198145 0.8765262884844798
0.17 0.8758964473384752 0.8869866910792199 0.8882234945198145 0.8765262884844798
0.18000000000000002 0.8758964473384752 0.8869866910792199 0.8882234945198145 0.8902918688394866
0.19000000000000003 0.8758964473384752 0.8869866910792199 0.8882234945198145 0.8902918688394866
0.20000000000000004 0.8758964473384752 0.8869866910792199 0.8882234945198145 0.8837350951511737
0.21000000000000005 0.8758964473384752 0.8869866910792199 0.8882234945198145 0.8876494739986514
0.22000000000000006 0.8758964473384752 0.8773423750938574 0.8806680699162597 0.8802676334999981
0.23000000000000007 0.8758964473384752 0.8773423750938574 0.8806680699162597 0.8802676334999981
0.24000000000000007 0.8758964473384752 0.8773423750938574 0.8806680699162597 0.8802676334999981
0.25000000000000006 0.8758964473384752 0.8773423750938574 0.8806680699162597 0.8802676334999981
0.26000000000000006 0.8758964473384752 0.8773423750938574 0.8806680699162597 0.8802676334999981
0.2700000000000001 0.8758964473384752 0.8773423750938574 0.8806680699162597 0.8802676334999981
0.2800000000000001 0.8758964473384752 0.8773423750938574 0.8805821297032611 0.8803859305569528
0.2900000000000001 0.8758964473384752 0.8773423750938574 0.8805821297032611 0.8803859305569528
0.3000000000000001 0.8758964473384752 0.8773423750938574 0.8805821297032611 0.8803859305569528
0.3100000000000001 0.8758964473384752 0.8773423750938574 0.8805821297032611 0.8803859305569528
0.3200000000000001 0.8758964473384752 0.8773423750938574 0.8805821297032611 0.8803859305569528
0.3300000000000001 0.8758964473384752 0.8773423750938574 0.8805821297032611 0.8803859305569528
0.34000000000000014 0.8758964473384752 0.8773423750938574 0.8805821297032611 0.8805871770013011
0.35000000000000014 0.8758964473384752 0.8773423750938574 0.8805821297032611 0.8805871770013011
0.36000000000000015 0.8758964473384752 0.8773423750938574 0.8805821297032611 0.8805871770013011
0.37000000000000016 0.8758964473384752 0.8773423750938574 0.8805821297032611 0.8805871770013011
0.38000000000000017 0.8758964473384752 0.8773423750938574 0.8805821297032611 0.8805871770013011
0.3900000000000002 0.8758964473384752 0.8773423750938574 0.8774886370062984 0.8774807764488439
0.4000000000000002 0.8758964473384752 0.8773423750938574 0.8774886370062984 0.8774807764488439
0.4100000000000002 0.8758964473384752 0.8773423750938574 0.8774886370062984 0.8774807764488439
0.4200000000000002 0.8758964473384752 0.8773423750938574 0.8774886370062984 0.8774966614570965
0.4300000000000002 0.8758964473384752 0.8773423750938574 0.8774886370062984 0.8774966614570965
0.4400000000000002 0.8758964473384752 0.8773423750938574 0.8774886370062984 0.8774966614570965
0.45000000000000023 0.8758964473384752 0.8773423750938574 0.8774886370062984 0.8774966614570965
0.46000000000000024 0.8758964473384752 0.8773423750938574 0.8774886370062984 0.8774966614570965
0.47000000000000025 0.8758964473384752 0.8773423750938574 0.8774886370062984 0.8774966614570965
0.48000000000000026 0.8758964473384752 0.8773423750938574 0.8774886370062984 0.8774966614570965
0.49000000000000027 0.8758964473384752 0.8766653804967535 0.8768008420049644 0.8768168978908347
0.5000000000000002 0.8758964473384752 0.8766653804967535 0.8768008420049644 0.8768168978908347
0.5100000000000002 0.8758964473384752 0.8766653804967535 0.8768008420049644 0.8768008420049644
0.5200000000000002 0.8758964473384752 0.8766653804967535 0.8768008420049644 0.8768008420049644
0.5300000000000002 0.8758964473384752 0.8766653804967535 0.8768008420049644 0.8768008420049644
0.5400000000000003 0.8758964473384752 0.8766653804967535 0.8768008420049644 0.8768008420049644
0.5500000000000003 0.8758964473384752 0.8766653804967535 0.8768008420049644 0.8768008420049644
0.5600000000000003 0.8758964473384752 0.8766653804967535 0.8768008420049644 0.8768008420049644
0.5700000000000003 0.8758964473384752 0.8766653804967535 0.8768008420049644 0.8768008420049644
0.5800000000000003 0.8758964473384752 0.8766584618933568 0.8768008420049644 0.8768008420049644
0.5900000000000003 0.8758964473384752 0.8766584618933568 0.8767500152986146 0.8767621381955911
0.6000000000000003 0.8758964473384752 0.8766584618933568 0.8767469854324965 0.8767621381955911
0.6100000000000003 0.8758964473384752 0.8766584618933568 0.8767469854324965 0.8767621381955911
0.6200000000000003 0.8758964473384752 0.8766584618933568 0.8767469854324965 0.8767469854324965
0.6300000000000003 0.8758964473384752 0.8760006627322265 0.8760006627322265 0.8760006627322265
0.6400000000000003 0.8758964473384752 0.8760006627322265 0.8760006627322265 0.8760006627322265
0.6500000000000004 0.8758964473384752 0.8760006627322265 0.8760006627322265 0.8760006627322265
0.6600000000000004 0.8758964473384752 0.8760006627322265 0.8760006627322265 0.8760006627322265
0.6700000000000004 0.8758964473384752 0.8760006627322265 0.8760006627322265 0.8760006627322265
0.6800000000000004 0.8758964473384752 0.8760006627322265 0.8760006627322265 0.8760006627322265
0.6900000000000004 0.8758964473384752 0.8760006627322265 0.8760006627322265 0.8760006627322265
0.7000000000000004 0.8758964473384752 0.8760006627322265 0.8760006627322265 0.8760006627322265
0.7100000000000004 0.8758964473384752 0.8760006627322265 0.8760006627322265 0.8760006627322265
0.7200000000000004 0.8757362960402297 0.8758286409220692 0.8758286409220692 0.8758286409220692
0.7300000000000004 0.8757362960402297 0.8758286409220692 0.8758286409220692 0.8758286409220692
0.7400000000000004 0.8757362960402297 0.8758286409220692 0.8758286409220692 0.8758286409220692
0.7500000000000004 0.8749641150136247 0.8750469331090426 0.8750469331090426 0.8750469331090426
0.7600000000000005 0.8749641150136247 0.8750469331090426 0.8750469331090426 0.8750469331090426
0.7700000000000005 0.8749641150136247 0.8750304172582519 0.8750304172582519 0.8750304172582519
0.7800000000000005 0.8749641150136247 0.874998902502748 0.874998902502748 0.874998902502748
0.7900000000000005 0.8398446804815167 0.8398952007686001 0.8398952007686001 0.8398952007686001
0.8000000000000005 0.8398446804815167 0.8398952007686001 0.8398952007686001 0.8398952007686001
0.8100000000000005 0.8398446804815167 0.8398446804815167 0.8398446804815167 0.8398446804815167
0.8200000000000005 0.8398446804815167 0.8398446804815167 0.8398446804815167 0.8398446804815167
0.8300000000000005 0.8398446804815167 0.8398446804815167 0.8398446804815167 0.8398446804815167
0.8400000000000005 0.8398446804815167 0.8398446804815167 0.8398446804815167 0.8398446804815167
0.8500000000000005 0.8398446804815167 0.8398446804815167 0.8398446804815167 0.8398446804815167
0.8600000000000005 0.8398446804815167 0.8398446804815167 0.8398446804815167 0.8398446804815167
0.8700000000000006 0.8200397005687013 0.8200397005687013 0.8200397005687013 0.8200397005687013
0.8800000000000006 0.8200397005687013 0.8200397005687013 0.8200397005687013 0.8200397005687013
0.8900000000000006 0.8200397005687013 0.8200397005687013 0.8200397005687013 0.8200397005687013
0.9000000000000006 0.8200397005687013 0.8200397005687013 0.8200397005687013 0.8200397005687013
0.9100000000000006 0.8200397005687013 0.8200397005687013 0.8200397005687013 0.8200397005687013
0.9200000000000006 0.8200397005687013 0.8200397005687013 0.8200397005687013 0.8200397005687013
0.9300000000000006 0.8200397005687013 0.8200397005687013 0.8200397005687013 0.8200397005687013
0.9400000000000006 0.8200397005687013 0.8200397005687013 0.8200397005687013 0.8200397005687013
0.9500000000000006 0.8200397005687013 0.8200397005687013 0.8200397005687013 0.8200397005687013
0.9600000000000006 0.7347527464027785 0.7347527464027785 0.7347527464027785 0.7347527464027785
0.9700000000000006 0.7347527464027785 0.7347527464027785 0.7347527464027785 0.7347527464027785
0.9800000000000006 0.7116451924862351 0.7116451924862351 0.7116451924862351 0.7116451924862351
0.9900000000000007 0.6076605186231985 0.6076605186231985 0.6076605186231985 0.6076605186231985
